d_A0_1: 1.7914E-10
d_A0_2: 3.0615E-08
d_A0_3: 3.12864E-08
d_A0_4: -8.67127E-09
d_A0_5: -8.13933E-09
d_A0_6: 1.83244E-09
d_A0_7: -8.65431E-09
d_A0_8: 3.13338E-08
d_A1_1: -9.82086E-09
d_A1_2: 2.0615E-08
d_A1_3: 2.12864E-08
d_A1_4: -1.86713E-08
d_A1_5: -1.81393E-08
d_A1_6: -8.16756E-09
d_A1_7: -1.86543E-08
d_A1_8: 2.13338E-08
d_A2_1: -2.98209E-08
d_A2_2: 6.1496E-10
d_A2_3: 1.28637E-09
d_A2_4: -3.86713E-08
d_A2_5: -3.81393E-08
d_A2_6: -2.81676E-08
d_A2_7: -3.86543E-08
d_A2_8: 1.33382E-09
d_A3_1: -6.98209E-08
d_A3_2: -3.9385E-08
d_A3_3: -3.87136E-08
d_A3_4: -7.86713E-08
d_A3_5: -7.81393E-08
d_A3_6: -6.81675E-08
d_A3_7: -7.86543E-08
d_A3_8: -3.86662E-08
