d_A0_1: 7.43189E-10
d_A0_2: 3.27617E-08
d_A0_3: 3.64403E-08
d_A0_4: -2.85274E-09
d_A0_5: -4.97938E-10
d_A0_6: 9.62728E-09
d_A0_7: -2.85914E-09
d_A0_8: 3.69459E-08
d_A1_1: -9.25681E-09
d_A1_2: 2.27617E-08
d_A1_3: 2.64403E-08
d_A1_4: -1.28527E-08
d_A1_5: -1.04979E-08
d_A1_6: -3.72715E-10
d_A1_7: -1.28591E-08
d_A1_8: 2.69459E-08
d_A2_1: -2.92568E-08
d_A2_2: 2.76175E-09
d_A2_3: 6.44032E-09
d_A2_4: -3.28527E-08
d_A2_5: -3.04979E-08
d_A2_6: -2.03727E-08
d_A2_7: -3.28591E-08
d_A2_8: 6.94585E-09
d_A3_1: -6.92568E-08
d_A3_2: -3.72382E-08
d_A3_3: -3.35597E-08
d_A3_4: -7.28527E-08
d_A3_5: -7.04979E-08
d_A3_6: -6.03727E-08
d_A3_7: -7.28591E-08
d_A3_8: -3.30541E-08
